[gd_scene load_steps=8 format=3 uid="uid://ytu1q2cj3e01"]

[ext_resource type="Script" path="res://dicer10.gd" id="1_mo8w2"]
[ext_resource type="Texture2D" uid="uid://bnrfduitcv08b" path="res://textures/DefaultMaterial_albedo.jpg" id="2_k38wa"]

[sub_resource type="StandardMaterial3D" id="StandardMaterial3D_ts8ge"]

[sub_resource type="ArrayMesh" id="ArrayMesh_fe4iv"]
_surfaces = [{
"aabb": AABB(-0.00228079, -0.00239839, -0.00272866, 0.00456158, 0.00479679, 0.00545733),
"format": 34896613377,
"index_count": 60,
"index_data": PackedByteArray(11, 0, 0, 0, 9, 0, 11, 0, 1, 0, 0, 0, 5, 0, 7, 0, 6, 0, 5, 0, 8, 0, 7, 0, 5, 0, 10, 0, 2, 0, 5, 0, 6, 0, 10, 0, 5, 0, 3, 0, 4, 0, 5, 0, 2, 0, 3, 0, 11, 0, 2, 0, 10, 0, 11, 0, 3, 0, 2, 0, 5, 0, 1, 0, 8, 0, 5, 0, 0, 0, 1, 0, 11, 0, 4, 0, 3, 0, 11, 0, 9, 0, 4, 0, 10, 0, 7, 0, 11, 0, 10, 0, 6, 0, 7, 0, 11, 0, 8, 0, 1, 0, 11, 0, 7, 0, 8, 0, 4, 0, 0, 0, 5, 0, 4, 0, 9, 0, 0, 0),
"primitive": 3,
"uv_scale": Vector4(0, 0, 0, 0),
"vertex_count": 12,
"vertex_data": PackedByteArray(26, 207, 138, 231, 130, 144, 0, 0, 255, 255, 140, 167, 124, 111, 0, 0, 0, 0, 114, 88, 130, 144, 0, 0, 0, 0, 140, 167, 124, 111, 0, 0, 228, 48, 138, 231, 130, 144, 0, 0, 255, 127, 255, 127, 255, 255, 0, 0, 255, 127, 0, 0, 122, 144, 0, 0, 26, 207, 116, 24, 124, 111, 0, 0, 255, 255, 114, 88, 130, 144, 0, 0, 255, 127, 255, 255, 132, 111, 0, 0, 228, 48, 116, 24, 124, 111, 0, 0, 255, 127, 255, 127, 0, 0, 0, 0)
}]
blend_shape_mode = 0

[sub_resource type="ArrayMesh" id="ArrayMesh_wdwjc"]
resource_name = "untitled_Cone_002"
_surfaces = [{
"aabb": AABB(-0.00228079, -0.00239839, -0.00272866, 0.00456158, 0.00479679, 0.00545733),
"attribute_data": PackedByteArray(133, 141, 152, 193, 148, 139, 223, 255, 210, 213, 54, 85, 144, 184, 31, 250, 223, 5, 12, 71, 87, 251, 175, 110, 115, 125, 170, 110, 96, 187, 3, 63, 247, 184, 31, 250, 238, 87, 49, 85, 31, 193, 255, 107, 99, 62, 149, 70, 154, 155, 121, 133, 232, 99, 28, 45, 12, 71, 209, 161, 92, 93, 3, 63, 247, 184, 27, 156, 12, 71, 217, 255, 90, 147, 0, 17, 148, 151, 171, 155, 109, 255, 89, 218, 167, 25, 17, 156, 151, 209, 117, 87, 165, 70, 209, 161, 29, 247, 252, 61, 165, 37, 130, 141, 93, 241, 0, 17, 31, 0, 9, 116, 152, 245, 171, 155, 41, 94, 31, 0, 11, 116, 17, 156, 27, 114, 89, 218, 179, 119, 167, 155, 243, 229, 223, 255, 44, 0, 152, 193, 176, 25, 167, 155, 37, 0, 31, 0, 165, 70, 217, 255, 144, 184, 27, 156, 227, 99, 12, 71),
"format": 34896613399,
"index_count": 60,
"index_data": PackedByteArray(38, 0, 1, 0, 31, 0, 38, 0, 3, 0, 1, 0, 18, 0, 24, 0, 22, 0, 18, 0, 26, 0, 24, 0, 16, 0, 33, 0, 8, 0, 16, 0, 20, 0, 33, 0, 15, 0, 10, 0, 12, 0, 15, 0, 7, 0, 10, 0, 35, 0, 6, 0, 32, 0, 35, 0, 9, 0, 6, 0, 19, 0, 5, 0, 28, 0, 19, 0, 2, 0, 5, 0, 36, 0, 13, 0, 11, 0, 36, 0, 29, 0, 13, 0, 34, 0, 23, 0, 37, 0, 34, 0, 21, 0, 23, 0, 39, 0, 27, 0, 4, 0, 39, 0, 25, 0, 27, 0, 14, 0, 0, 0, 17, 0, 14, 0, 30, 0, 0, 0),
"material": SubResource("StandardMaterial3D_ts8ge"),
"primitive": 3,
"uv_scale": Vector4(0, 0, 0, 0),
"vertex_count": 40,
"vertex_data": PackedByteArray(26, 207, 138, 231, 130, 144, 119, 168, 26, 207, 138, 231, 130, 144, 44, 219, 26, 207, 138, 231, 130, 144, 87, 165, 255, 255, 140, 167, 124, 111, 47, 219, 255, 255, 140, 167, 124, 111, 168, 221, 255, 255, 140, 167, 124, 111, 85, 165, 0, 0, 114, 88, 130, 144, 4, 219, 0, 0, 114, 88, 130, 144, 186, 251, 0, 0, 114, 88, 130, 144, 18, 183, 0, 0, 140, 167, 124, 111, 4, 219, 0, 0, 140, 167, 124, 111, 174, 251, 0, 0, 140, 167, 124, 111, 58, 220, 228, 48, 138, 231, 130, 144, 163, 251, 228, 48, 138, 231, 130, 144, 60, 220, 228, 48, 138, 231, 130, 144, 119, 168, 255, 127, 255, 127, 255, 255, 174, 251, 255, 127, 255, 127, 255, 255, 63, 183, 255, 127, 255, 127, 255, 255, 126, 168, 255, 127, 255, 127, 255, 255, 31, 170, 255, 127, 255, 127, 255, 255, 85, 165, 255, 127, 0, 0, 122, 144, 107, 183, 255, 127, 0, 0, 122, 144, 201, 219, 255, 127, 0, 0, 122, 144, 25, 170, 26, 207, 116, 24, 124, 111, 205, 219, 26, 207, 116, 24, 124, 111, 31, 170, 26, 207, 116, 24, 124, 111, 172, 221, 255, 255, 114, 88, 130, 144, 38, 170, 255, 255, 114, 88, 130, 144, 170, 221, 255, 255, 114, 88, 130, 144, 84, 165, 255, 127, 255, 255, 132, 111, 62, 220, 255, 127, 255, 255, 132, 111, 103, 168, 255, 127, 255, 255, 132, 111, 41, 219, 228, 48, 116, 24, 124, 111, 3, 219, 228, 48, 116, 24, 124, 111, 63, 183, 228, 48, 116, 24, 124, 111, 205, 219, 255, 127, 255, 127, 0, 0, 4, 219, 255, 127, 255, 127, 0, 0, 60, 220, 255, 127, 255, 127, 0, 0, 207, 219, 255, 127, 255, 127, 0, 0, 44, 219, 255, 127, 255, 127, 0, 0, 170, 221, 149, 239, 1, 78, 73, 206, 249, 82, 243, 160, 241, 43, 103, 206, 56, 83, 10, 134, 124, 24, 239, 160, 212, 43, 198, 92, 253, 217, 70, 92, 243, 141, 234, 67, 151, 134, 188, 92, 236, 217, 73, 92, 249, 141, 23, 181, 154, 192, 76, 92, 254, 141, 10, 181, 161, 192, 149, 239, 1, 78, 73, 92, 249, 141, 249, 67, 103, 134, 138, 239, 222, 77, 200, 85, 147, 76, 239, 160, 212, 43, 7, 68, 54, 134, 78, 30, 163, 107, 185, 85, 146, 76, 135, 30, 125, 107, 200, 85, 147, 76, 40, 134, 162, 24, 215, 85, 148, 76, 25, 134, 143, 24, 236, 160, 183, 43, 254, 180, 167, 192, 174, 239, 75, 78, 44, 206, 186, 82, 208, 92, 13, 218, 249, 67, 103, 134, 135, 30, 125, 107, 198, 92, 253, 217, 10, 181, 160, 192, 162, 30, 107, 107, 73, 206, 249, 82, 25, 134, 143, 24)
}]
blend_shape_mode = 0
shadow_mesh = SubResource("ArrayMesh_fe4iv")

[sub_resource type="StandardMaterial3D" id="StandardMaterial3D_jo4lx"]
albedo_texture = ExtResource("2_k38wa")

[sub_resource type="ConvexPolygonShape3D" id="ConvexPolygonShape3D_16hag"]
points = PackedVector3Array(-4.46569e-07, -0.00239839, 0.000350971, 0.00228079, -0.000741394, 0.000351505, -4.46569e-07, -4.6473e-07, 0.00272867, -0.00228079, -0.000741394, 0.000351505, -0.00140964, -0.00194059, -0.000352563, 0.0014092, -0.00194059, -0.000352563, 0.00228079, 0.000740934, -0.000352563, 0.0014092, 0.00193966, 0.000351505, -0.00140964, 0.00193966, 0.000351505, -0.00228079, 0.000740934, -0.000352563, -4.46569e-07, -4.6473e-07, -0.00272866, -4.46569e-07, 0.0023984, -0.000351495)

[node name="untitled" type="Node3D"]
script = ExtResource("1_mo8w2")

[node name="Cone" type="MeshInstance3D" parent="."]
transform = Transform3D(100, 0, 0, 0, -4.37114e-06, 100, 0, -100, -4.37114e-06, -0.000921726, 8.9407e-08, -0.000341892)
mesh = SubResource("ArrayMesh_wdwjc")
skeleton = NodePath("")
surface_material_override/0 = SubResource("StandardMaterial3D_jo4lx")

[node name="CollisionShape3D" type="CollisionShape3D" parent="."]
transform = Transform3D(100, 0, 0, 0, -3.57628e-05, 100, 0, -100, -3.57628e-05, 0, 0, 0)
shape = SubResource("ConvexPolygonShape3D_16hag")

[node name="Node3D" type="Node3D" parent="."]

[node name="D1" type="RayCast3D" parent="Node3D"]
transform = Transform3D(0.0178812, 0.881201, -0.472401, 0.343946, 0.43822, 0.83046, 0.938819, -0.17733, -0.29525, -0.148756, -0.0970232, 0.0671465)
target_position = Vector3(0, -0.1, 0)

[node name="D7" type="RayCast3D" parent="Node3D"]
transform = Transform3D(-0.790038, 0.290865, -0.539664, -0.268609, 0.627056, 0.731198, 0.551079, 0.722633, -0.417269, -0.106545, -0.104044, -0.124102)
target_position = Vector3(0, -0.1, 0)

[node name="D3" type="RayCast3D" parent="Node3D"]
transform = Transform3D(0.774944, -0.498046, -0.389116, 4.47035e-08, 0.615661, -0.788011, 0.632029, 0.610664, 0.477103, 0.110444, -0.0784916, -0.121184)
target_position = Vector3(0, -0.1, 0)

[node name="D2" type="RayCast3D" parent="Node3D"]
transform = Transform3D(0.656059, -0.594719, -0.464646, -5.38228e-08, -0.615661, 0.788011, -0.75471, -0.516981, -0.40391, 0.0930501, 0.105891, 0.129628)
target_position = Vector3(0, -0.1, 0)

[node name="D5" type="RayCast3D" parent="Node3D"]
transform = Transform3D(0.273089, -0.791681, 0.546502, -0.154226, 0.524717, 0.83719, -0.949546, -0.312912, 0.0211966, 0.172642, -0.0467233, 0.0858744)
target_position = Vector3(0, -0.1, 0)

[node name="D6" type="RayCast3D" parent="Node3D"]
transform = Transform3D(0.906308, 0.333028, 0.26019, 0, -0.615661, 0.788011, 0.422618, -0.71418, -0.557979, -0.0998738, 0.0938903, 0.120346)
target_position = Vector3(0, -0.1, 0)

[node name="D8" type="RayCast3D" parent="Node3D"]
transform = Transform3D(-0.572949, -0.774212, -0.268935, 0.516294, -0.595783, 0.61521, -0.63653, 0.213634, 0.741074, 0.132048, 0.114643, -0.0367311)
target_position = Vector3(0, -0.1, 0)

[node name="D9" type="RayCast3D" parent="Node3D"]
transform = Transform3D(-0.532344, -0.0197427, -0.846299, 0.838671, 0.123601, -0.53043, 0.115075, -0.992137, -0.0492402, -0.00390404, -0.101468, 0.14792)
target_position = Vector3(0, -0.1, 0)

[node name="D10" type="RayCast3D" parent="Node3D"]
transform = Transform3D(0.432302, 0.0964647, 0.896554, 0.739167, -0.607385, -0.29106, 0.516477, 0.788529, -0.333878, -0.0202048, 0.115428, -0.155804)
target_position = Vector3(0, -0.1, 0)

[node name="D4" type="RayCast3D" parent="Node3D"]
transform = Transform3D(0.156777, 0.716123, -0.680139, -0.0578456, -0.680814, -0.730167, -0.985939, 0.153816, -0.0653114, -0.122761, 0.125955, -0.0224499)
target_position = Vector3(0, -0.1, 0)
