{
  "accessors": [
    {
      "bufferView": 2,
      "componentType": 5126,
      "count": 12548,
      "max": [
        9.947887420654297,
        10.919027328491211,
        9.814422607421875
      ],
      "min": [
        -11.695306777954102,
        -5.080972671508789,
        -9.676166534423828
      ],
      "type": "VEC3"
    },
    {
      "bufferView": 2,
      "byteOffset": 150576,
      "componentType": 5126,
      "count": 12548,
      "max": [
        0.9999932646751404,
        0.9999967217445374,
        0.9999704957008362
      ],
      "min": [
        -0.9999932646751404,
        -0.9999668598175049,
        -0.9995628595352173
      ],
      "type": "VEC3"
    },
    {
      "bufferView": 1,
      "componentType": 5126,
      "count": 12548,
      "max": [
        1.3180267810821533,
        0.8807794451713562
      ],
      "min": [
        0.2685208320617676,
        0.002481698989868164
      ],
      "type": "VEC2"
    },
    {
      "bufferView": 0,
      "componentType": 5125,
      "count": 12684,
      "type": "SCALAR"
    },
    {
      "bufferView": 2,
      "byteOffset": 301152,
      "componentType": 5126,
      "count": 10890,
      "max": [
        10.840499877929688,
        7.999962329864502,
        9.762316703796387
      ],
      "min": [
        -10.840499877929688,
        -7.999962329864502,
        -9.762316703796387
      ],
      "type": "VEC3"
    },
    {
      "bufferView": 2,
      "byteOffset": 431832,
      "componentType": 5126,
      "count": 10890,
      "max": [
        0.9999436140060425,
        0.9999666213989258,
        0.9993351697921753
      ],
      "min": [
        -0.9999398589134216,
        -0.9999878406524658,
        -0.9991465210914612
      ],
      "type": "VEC3"
    },
    {
      "bufferView": 1,
      "byteOffset": 100384,
      "componentType": 5126,
      "count": 10890,
      "max": [
        1.3603966236114502,
        0.9652868509292603
      ],
      "min": [
        0.010962452739477158,
        0.021061062812805176
      ],
      "type": "VEC2"
    },
    {
      "bufferView": 0,
      "byteOffset": 50736,
      "componentType": 5125,
      "count": 10896,
      "type": "SCALAR"
    },
    {
      "bufferView": 2,
      "byteOffset": 562512,
      "componentType": 5126,
      "count": 12415,
      "max": [
        10.506446838378906,
        8.5,
        9.992169380187988
      ],
      "min": [
        -10.506446838378906,
        -8.5,
        -9.992169380187988
      ],
      "type": "VEC3"
    },
    {
      "bufferView": 2,
      "byteOffset": 711492,
      "componentType": 5126,
      "count": 12415,
      "max": [
        0.9998878836631775,
        1.0,
        0.9999454021453857
      ],
      "min": [
        -0.9998537302017212,
        -1.0,
        -0.9999904632568359
      ],
      "type": "VEC3"
    },
    {
      "bufferView": 1,
      "byteOffset": 187504,
      "componentType": 5126,
      "count": 12415,
      "max": [
        1.343849539756775,
        0.9878527522087097
      ],
      "min": [
        1.1857967052719687e-08,
        0.0058814287185668945
      ],
      "type": "VEC2"
    },
    {
      "bufferView": 0,
      "byteOffset": 94320,
      "componentType": 5125,
      "count": 12426,
      "type": "SCALAR"
    },
    {
      "bufferView": 2,
      "byteOffset": 860472,
      "componentType": 5126,
      "count": 13866,
      "max": [
        9.96280574798584,
        9.540322303771973,
        12.572731018066406
      ],
      "min": [
        -10.350415229797363,
        -9.45967960357666,
        -10.86795425415039
      ],
      "type": "VEC3"
    },
    {
      "bufferView": 2,
      "byteOffset": 1026864,
      "componentType": 5126,
      "count": 13866,
      "max": [
        0.9996284246444702,
        0.9999963045120239,
        0.999501645565033
      ],
      "min": [
        -0.9999324083328247,
        -0.9999971389770508,
        -0.9999942779541016
      ],
      "type": "VEC3"
    },
    {
      "bufferView": 1,
      "byteOffset": 286824,
      "componentType": 5126,
      "count": 13866,
      "max": [
        1.3591073751449585,
        0.9997695088386536
      ],
      "min": [
        0.0003907894715666771,
        0.9035132527351379
      ],
      "type": "VEC2"
    },
    {
      "bufferView": 0,
      "byteOffset": 144024,
      "componentType": 5125,
      "count": 13884,
      "type": "SCALAR"
    },
    {
      "bufferView": 2,
      "byteOffset": 1193256,
      "componentType": 5126,
      "count": 12597,
      "max": [
        11.192122459411621,
        9.766179084777832,
        9.61893081665039
      ],
      "min": [
        -6.155566692352295,
        -6.233820915222168,
        -9.9769868850708
      ],
      "type": "VEC3"
    },
    {
      "bufferView": 2,
      "byteOffset": 1344420,
      "componentType": 5126,
      "count": 12597,
      "max": [
        0.9999207258224487,
        1.0,
        0.9998683929443359
      ],
      "min": [
        -0.9999188184738159,
        -1.0,
        -0.9999409317970276
      ],
      "type": "VEC3"
    },
    {
      "bufferView": 1,
      "byteOffset": 397752,
      "componentType": 5126,
      "count": 12597,
      "max": [
        1.1151337623596191,
        0.9818711876869202
      ],
      "min": [
        0.0007614025380462408,
        0.016995549201965332
      ],
      "type": "VEC2"
    },
    {
      "bufferView": 0,
      "byteOffset": 199560,
      "componentType": 5125,
      "count": 13860,
      "type": "SCALAR"
    },
    {
      "bufferView": 2,
      "byteOffset": 1495584,
      "componentType": 5126,
      "count": 8008,
      "max": [
        9.899495124816895,
        6.999999523162842,
        8.545422554016113
      ],
      "min": [
        -9.899495124816895,
        -6.999999523162842,
        -8.545422554016113
      ],
      "type": "VEC3"
    },
    {
      "bufferView": 2,
      "byteOffset": 1591680,
      "componentType": 5126,
      "count": 8008,
      "max": [
        0.9996459484100342,
        0.9999894499778748,
        0.9998218417167664
      ],
      "min": [
        -0.9998188614845276,
        -0.9999975562095642,
        -0.9997506141662598
      ],
      "type": "VEC3"
    },
    {
      "bufferView": 1,
      "byteOffset": 498528,
      "componentType": 5126,
      "count": 8008,
      "max": [
        1.386777639389038,
        0.9865732192993164
      ],
      "min": [
        1.4810596304926094e-08,
        0.027184247970581055
      ],
      "type": "VEC2"
    },
    {
      "bufferView": 0,
      "byteOffset": 255000,
      "componentType": 5125,
      "count": 8016,
      "type": "SCALAR"
    },
    {
      "bufferView": 2,
      "byteOffset": 1687776,
      "componentType": 5126,
      "count": 3938,
      "max": [
        8.002584457397461,
        7.973337650299072,
        8.040118217468262
      ],
      "min": [
        -7.9974141120910645,
        -8.026662826538086,
        -7.95988130569458
      ],
      "type": "VEC3"
    },
    {
      "bufferView": 2,
      "byteOffset": 1735032,
      "componentType": 5126,
      "count": 3938,
      "max": [
        1.0,
        1.0,
        1.0
      ],
      "min": [
        -1.0,
        -1.0,
        -1.0
      ],
      "type": "VEC3"
    },
    {
      "bufferView": 1,
      "byteOffset": 562592,
      "componentType": 5126,
      "count": 3938,
      "max": [
        1.2810386419296265,
        0.9604753851890564
      ],
      "min": [
        0.00033887854078784585,
        0.004926800727844238
      ],
      "type": "VEC2"
    },
    {
      "bufferView": 0,
      "byteOffset": 287064,
      "componentType": 5125,
      "count": 5412,
      "type": "SCALAR"
    }
  ],
  "asset": {
    "extras": {
      "author": "tansusayiner (https://sketchfab.com/tansusayiner)",
      "license": "CC-BY-4.0 (http://creativecommons.org/licenses/by/4.0/)",
      "source": "https://sketchfab.com/3d-models/role-playing-dice-set-d93251a67fd747f8be85ddab3e1c50cd",
      "title": "Role Playing Dice Set"
    },
    "generator": "Sketchfab-12.66.0",
    "version": "2.0"
  },
  "bufferViews": [
    {
      "buffer": 0,
      "byteLength": 308712,
      "name": "floatBufferViews",
      "target": 34963
    },
    {
      "buffer": 0,
      "byteLength": 594096,
      "byteOffset": 308712,
      "byteStride": 8,
      "name": "floatBufferViews",
      "target": 34962
    },
    {
      "buffer": 0,
      "byteLength": 1782288,
      "byteOffset": 902808,
      "byteStride": 12,
      "name": "floatBufferViews",
      "target": 34962
    }
  ],
  "buffers": [
    {
      "byteLength": 2685096,
      "uri": "scene.bin"
    }
  ],
  "materials": [
    {
      "doubleSided": true,
      "name": "Scene_-_Root",
      "pbrMetallicRoughness": {
        "baseColorFactor": [
          0.028761404865806237,
          0.028761404865806237,
          0.028761404865806237,
          1.0
        ],
        "metallicFactor": 0.6160562874030746,
        "roughnessFactor": 0.48839583051722224
      }
    }
  ],
  "meshes": [
    {
      "name": "D100__0",
      "primitives": [
        {
          "attributes": {
            "NORMAL": 1,
            "POSITION": 0,
            "TEXCOORD_0": 2
          },
          "indices": 3,
          "material": 0,
          "mode": 4
        }
      ]
    },
    {
      "name": "D10__0",
      "primitives": [
        {
          "attributes": {
            "NORMAL": 5,
            "POSITION": 4,
            "TEXCOORD_0": 6
          },
          "indices": 7,
          "material": 0,
          "mode": 4
        }
      ]
    },
    {
      "name": "D12__0",
      "primitives": [
        {
          "attributes": {
            "NORMAL": 9,
            "POSITION": 8,
            "TEXCOORD_0": 10
          },
          "indices": 11,
          "material": 0,
          "mode": 4
        }
      ]
    },
    {
      "name": "D20__0",
      "primitives": [
        {
          "attributes": {
            "NORMAL": 13,
            "POSITION": 12,
            "TEXCOORD_0": 14
          },
          "indices": 15,
          "material": 0,
          "mode": 4
        }
      ]
    },
    {
      "name": "D4__0",
      "primitives": [
        {
          "attributes": {
            "NORMAL": 17,
            "POSITION": 16,
            "TEXCOORD_0": 18
          },
          "indices": 19,
          "material": 0,
          "mode": 4
        }
      ]
    },
    {
      "name": "D8__0",
      "primitives": [
        {
          "attributes": {
            "NORMAL": 21,
            "POSITION": 20,
            "TEXCOORD_0": 22
          },
          "indices": 23,
          "material": 0,
          "mode": 4
        }
      ]
    },
    {
      "name": "D6__0",
      "primitives": [
        {
          "attributes": {
            "NORMAL": 25,
            "POSITION": 24,
            "TEXCOORD_0": 26
          },
          "indices": 27,
          "material": 0,
          "mode": 4
        }
      ]
    }
  ],
  "nodes": [
    {
      "children": [
        1
      ],
      "matrix": [
        1.0,
        0.0,
        0.0,
        0.0,
        0.0,
        2.220446049250313e-16,
        -1.0,
        0.0,
        0.0,
        1.0,
        2.220446049250313e-16,
        0.0,
        0.0,
        0.0,
        0.0,
        1.0
      ],
      "name": "Sketchfab_model"
    },
    {
      "children": [
        2
      ],
      "matrix": [
        1.0,
        0.0,
        0.0,
        0.0,
        0.0,
        0.0,
        1.0,
        0.0,
        0.0,
        -1.0,
        0.0,
        0.0,
        0.0,
        0.0,
        0.0,
        1.0
      ],
      "name": "35567c2fba384edca0b32d33c67012de.fbx"
    },
    {
      "children": [
        3,
        5,
        7,
        9,
        11,
        13,
        15,
        17
      ],
      "name": "RootNode"
    },
    {
      "children": [
        4
      ],
      "matrix": [
        0.995575774758603,
        0.04708125965986784,
        0.08131563012513317,
        0.0,
        -0.046924998447160374,
        0.9988910626233674,
        -0.003832692512307192,
        0.0,
        -0.08140590417495135,
        -1.214306433183765e-17,
        0.9966810316071328,
        0.0,
        -352.58697509765625,
        84.19606018066406,
        -16.36894416809082,
        1.0
      ],
      "name": "CINEMA_4D_Editor"
    },
    {
      "name": "Object_4"
    },
    {
      "children": [
        6
      ],
      "matrix": [
        0.5011851758314381,
        0.34216643692041465,
        0.7948179344805943,
        0.0,
        0.849823926774949,
        -0.36777799123525723,
        -0.37754290172610216,
        0.0,
        0.1631340338728146,
        0.8646742037369607,
        -0.47510610223847505,
        0.0,
        28.27216339111328,
        58.5984992980957,
        51.92011260986328,
        1.0
      ],
      "name": "D100"
    },
    {
      "mesh": 0,
      "name": "D100__0"
    },
    {
      "children": [
        8
      ],
      "matrix": [
        -0.1816386950656046,
        -0.12389191320270808,
        -0.9755296911410934,
        0.0,
        0.3018848706017395,
        0.9371035381566989,
        -0.17522124207974177,
        0.0,
        0.9358808200602443,
        -0.3263246123374226,
        -0.13281316962634238,
        0.0,
        72.7165298461914,
        119.29817962646484,
        2.182737350463867,
        1.0
      ],
      "name": "D10"
    },
    {
      "mesh": 1,
      "name": "D10__0"
    },
    {
      "children": [
        10
      ],
      "matrix": [
        -0.8219460938051621,
        0.35727418094821395,
        -0.4435761248153669,
        0.0,
        0.4267872224538263,
        0.9020649551730187,
        -0.06427661626787837,
        0.0,
        0.3771701017161664,
        -0.2421445359211782,
        -0.8939288216043453,
        0.0,
        61.15045928955078,
        67.4047622680664,
        -7.042165756225586,
        1.0
      ],
      "name": "D12"
    },
    {
      "mesh": 2,
      "name": "D12__0"
    },
    {
      "children": [
        12
      ],
      "matrix": [
        -0.2986619564310373,
        -0.027922663022044214,
        -0.9539503973847607,
        0.0,
        0.8218675155345716,
        0.5005703828580139,
        -0.27196153903523235,
        0.0,
        0.4851132060558816,
        -0.8652454083640888,
        -0.1265526001907713,
        0.0,
        15.665294647216797,
        126.16397094726563,
        31.020071029663086,
        1.0
      ],
      "name": "D20"
    },
    {
      "mesh": 3,
      "name": "D20__0"
    },
    {
      "children": [
        14
      ],
      "matrix": [
        0.6724388289113201,
        0.2729345265397445,
        -0.6879918354129633,
        0.0,
        0.7251019379040353,
        -0.42942143294427226,
        0.5383534271980633,
        0.0,
        -0.1485032020536423,
        -0.860873961245555,
        -0.4866649995933565,
        0.0,
        62.06201171875,
        184.36026000976563,
        21.91719627380371,
        1.0
      ],
      "name": "D4"
    },
    {
      "mesh": 4,
      "name": "D4__0"
    },
    {
      "children": [
        16
      ],
      "matrix": [
        0.5395911688641631,
        -0.7008816064317762,
        0.46648295172430365,
        0.0,
        -0.43971005732438645,
        -0.7070969102161622,
        -0.5537770535608546,
        0.0,
        0.7179808047375578,
        0.09369596217751122,
        -0.6897279396255016,
        0.0,
        92.56575012207031,
        80.98880767822266,
        58.8216438293457,
        1.0
      ],
      "name": "D8"
    },
    {
      "mesh": 5,
      "name": "D8__0"
    },
    {
      "children": [
        18
      ],
      "matrix": [
        0.5446968750632397,
        -0.034607218841917864,
        0.8379186444401203,
        0.0,
        0.8196090986352341,
        0.23357553345208337,
        -0.5231475849193168,
        0.0,
        -0.17761261140662404,
        0.971722599601657,
        0.1555922546038757,
        0.0,
        102.41827392578125,
        18.32801628112793,
        34.67755889892578,
        1.0
      ],
      "name": "D6"
    },
    {
      "mesh": 6,
      "name": "D6__0"
    }
  ],
  "scene": 0,
  "scenes": [
    {
      "name": "Sketchfab_Scene",
      "nodes": [
        0
      ]
    }
  ]
}
